5.5507,4.5548
6.2221,3.09
-6.1944,1.0811
6.9586,-1.5375
-3.791,-3.3593
1.1014,5.3625
-1.8649,0.0014401
-1.3847,8.0977
2.1435,4.7996
5.7333,-3.997
4.368,4.073
4.9011,4.0402
-1.8228,-4.2158
-3.0829,0.8797
-4.8868,-0.82282
0.6485,-7.0689
3.8194,-5.9936
-2.9251,6.9239
-2.2192,2.3305
-6.1773,0.29667
-0.65005,5.2689
3.8907,4.5862
4.036,-1.2767
-2.8928,3.119
3.3105,-2.1895
-1.711,8.2959
0.88849,-3.5872
6.549,-2.0693
-4.8292,-0.66078
-2.7413,-0.54703
-0.27967,8.5598
-3.6729,-3.0072
4.4991,-5.9562
1.3657,-7.2938
0.98049,-4.1764
0.27873,5.1755
3.1739,5.0693
-1.2568,8.407
5.99,3.1857
2.2356,-3.6908
1.173,4.8198
2.8301,5.8711
6.1688,2.5614
-2.6758,7.5501
3.2976,1.6439
-5.6652,2.004
3.5343,-0.93952
5.3333,3.6344
-5.4158,-0.44571
1.37,-3.5878
-4.1667,5.6633
1.063,4.9539
-2.5894,6.9222
-5.5096,4.1142
-2.4496,-3.8842
-5.0428,-0.20521
-1.4991,0.24348
3.7693,-2.6686
3.525,5.4731
-2.2544,-0.65213
-5.3518,2.137
-4.6949,3.702
-2.6865,6.7893
-0.54591,-0.84156
1.6544,-7.1336
-2.2478,-3.5818
1.842,1.7163
-4.3172,-2.9917
1.9671,-7.3255
1.3546,-3.6541
1.6725,5.0644
0.64186,-3.5307
6.3622,-3.6496
4.9264,-4.8895
6.4909,-2.5977
-5.2599,2.0468
-1.3322,-3.8854
2.1138,5.867
-5.1543,4.2222
-2.438,6.9063
-2.5357,1.6847
6.3485,3.2077
-4.1124,-3.2041
-1.0426,4.998
6.4682,-3.1574
-2.3934,3.4186
0.67587,8.8156
2.5881,-6.2072
-3.0553,-2.9398
2.4732,-6.4226
-1.2305,-0.23293
1.8605,5.7429
-1.94,-4.4809
-1.348,-0.96295
0.69361,4.7562
-2.6723,2.7792
-1.1603,4.6182
-6.2841,0.86323
5.373,-4.6323
4.3561,4.1634
1.1985,5.7661
-1.9564,7.5309
-0.81031,4.9527
-0.76437,-4.2815
3.2274,-2.1348
-5.0109,-0.96584
-5.8267,-0.42339
3.5478,-5.5078
6.1326,-4.552
6.9829,-1.2926
-5.9537,-0.13207
6.7982,1.3157
3.7392,-3.0924
-5.1181,-0.40576
4.7924,-5.3514
1.0452,5.3571
6.4271,-2.1376
-2.6011,-3.904
4.2342,-6.418
-6.3413,1.4121
0.058182,5.3215
0.52241,-6.8433
7.1807,-2.5762
-2.133,3.6763
6.8559,1.4955
-1.6018,-3.517
7.2163,-0.74899
-2.3255,2.0745
6.5348,-0.38947
0.10351,8.9282
-0.85038,-4.5271
6.5065,-1.2727
6.7833,-1.4231
3.5322,0.30973
-3.5177,-2.3532
-3.5656,-3.4728
5.3794,-5.127
3.6214,-5.7696
-5.4056,0.51584
0.84824,4.9359
-3.9943,-3.083
5.9848,-4.0003
0.20494,5.2905
4.0459,4.9209
7.0969,-1.8354
-5.8687,2.9516
1.259,-6.4565
3.4588,-6.5698
-5.4917,-1.0118
-5.2833,4.6671
-0.9257,-3.7246
-4.637,-1.811
-3.8413,6.9903
6.5724,-2.7029
3.3229,5.6017
7.1915,1.7469
-4.0307,5.6965
-4.5194,-2.0305
-2.648,-3.9509
2.3747,-3.5661
0.064984,-7.0549
-3.4247,6.6179
-0.17055,8.6448
4.5205,-5.2409
6.5872,-2.6743
-4.997,4.2919
0.10191,-0.71775
2.6827,-7.1399
-2.8484,0.25927
-1.7494,7.799
-2.4067,7.2846
-5.5519,-0.038011
-5.7539,1.0953
-5.2608,0.19909
-2.5743,1.0877
5.0547,3.8021
-5.42,3.5845
-6.2282,0.62419
2.575,5.7822
-1.9126,-4.0368
-5.7082,1.3319
-0.86556,-4.2842
-5.1363,3.472
3.6729,-5.8637
-5.3475,-1.0722
6.6501,-0.14606
1.9644,-7.3035
3.3303,-2.7582
1.6416,-7.3075
6.9456,-3.457
3.2067,-2.2492
1.1411,5.0749
-0.55711,-1.5833
3.4837,4.7461
5.22,3.63
-0.34535,5.0336
0.70386,4.8333
-5.2121,4.7797
-1.645,4.131
-3.7097,-2.1512
3.2564,-6.3489
-3.399,-3.3167
3.0032,5.1629
3.5675,4.8705
-5.2617,4.2083
3.8196,-1.1432
2.5023,-6.2861
-5.5685,3.8692
1.1722,-6.5383
-3.2383,6.4291
-0.022175,4.6313
-4.5851,4.7019
2.3817,-3.3749
-5.5105,1.836
-2.7417,-3.5432
-1.8565,8.1147
1.0572,2.4484
5.7398,4.3994
-5.7135,-0.35479
-5.5038,1.7207
-1.7842,-0.0372
-5.4267,2.8203
4.1695,4.9124
-2.6784,-3.5411
5.353,4.4249
-0.63048,5.0293
5.5763,2.9534
3.4168,-0.081767
6.4425,2.703
3.1638,-3.3893
-4.9611,4.5337
-1.3093,-3.8857
-2.176,-4.24
6.3373,2.7774
-5.3925,2.2311
-5.7951,4.4287
-3.7329,-2.0837
-2.0548,-4.5411
5.3986,-5.5526
-0.6733,-4.3291
-4.9474,3.4219
2.7928,-6.2767
-2.6282,-4.1589
3.6445,0.39514
-5.013,4.3214
-6.1342,1.1392
7.1019,-1.5231
-0.92879,-4.0456
-5.7709,3.731
2.5292,-6.4925
